%YAML:1.0
---
image_width: 1280
image_height: 720
camera_matrix: !!opencv-matrix
   rows: 3
   cols: 3
   dt: f
   data: [ 9.16941467e+02, 0., 6.43204224e+02, 0., 9.12589233e+02,
       3.67271423e+02, 0., 0., 1. ]
distortion_coefficients: !!opencv-matrix
   rows: 1
   cols: 5
   dt: f
   data: [ 1.38531461e-01, -4.44580495e-01, 1.92003115e-03,
       8.55747421e-05, 3.86421055e-01 ]
