%YAML:1.0
---
aruco_bc_dict: ARUCO_MIP_36h12
aruco_bc_nmarkers: 3
aruco_bc_mInfoType: 1
aruco_bc_markers:
   - { id:246, corners:[ [ -2.9677433893084526e-02,
       1.1983971297740936e-01, 6.1449086666107178e-01 ], [
       4.2309634387493134e-02, 1.1999811232089996e-01,
       6.1584615707397461e-01 ], [ 4.1900373995304108e-02,
       1.9072528183460236e-01, 6.2931835651397705e-01 ], [
       -3.0086694285273552e-02, 1.9056688249111176e-01,
       6.2796306610107422e-01 ] ] }
   - { id:247, corners:[ [ 1.4191283285617828e-01,
       -5.3099580109119415e-02, 8.0669814348220825e-01 ], [
       2.1380628645420074e-01, -5.5817581713199615e-02,
       8.0951648950576782e-01 ], [ 2.1623425185680389e-01,
       1.5788236632943153e-02, 8.1663769483566284e-01 ], [
       1.4434079825878143e-01, 1.8506238237023354e-02,
       8.1381934881210327e-01 ] ] }
   - { id:249, corners:[ [ -1.3763117790222168e-01,
       2.4252090603113174e-02, 8.1322234869003296e-01 ], [
       -2.0963056385517120e-01, 2.4470198899507523e-02,
       8.1302529573440552e-01 ], [ -2.0982873439788818e-01,
       -4.7196846455335617e-02, 8.0611187219619751e-01 ], [
       -1.3782934844493866e-01, -4.7414954751729965e-02,
       8.0630892515182495e-01 ] ] }
